Hits@5: 0.32
NDCG: 0.37826132383900807
MRR: 0.2677298205014781
