Hits@5: 0.56
NDCG: 0.5557192293864559
MRR: 0.47016200341967074
