Hits@5: 0.655
NDCG: 0.6710576521112115
MRR: 0.6092162618216193
