Hits@5: 0.595
NDCG: 0.5971601234589023
MRR: 0.5237611214859288
