Hits@5: 0.385
NDCG: 0.4294617512242916
MRR: 0.32901457767582554
