Hits@5: 0.675
NDCG: 0.665943321764552
MRR: 0.6000101033308105
